3.535534
3.535534
0.0
2.5
0.0
4.330127
5.0
0.0
0.0
3.535534
3.535534
0.0
1.767767
3.535534
3.061862
2.5
0.0
4.330127
1.767767
3.535534
3.061862
-2.5
0.0
4.330127
2.5
0.0
4.330127
1.767767
3.535534
3.061862
-1.767767
3.535534
3.061862
-2.5
0.0
4.330127
-1.767767
3.535534
3.061862
-5.0
0.0
6.123234E-16
-2.5
0.0
4.330127
-1.767767
3.535534
3.061862
-3.535534
3.535534
4.3297802E-16
-5.0
0.0
6.123234E-16
-3.535534
3.535534
4.3297802E-16
-2.5
0.0
-4.330127
-5.0
0.0
6.123234E-16
-3.535534
3.535534
4.3297802E-16
-1.767767
3.535534
-3.061862
-2.5
0.0
-4.330127
-1.767767
3.535534
-3.061862
2.5
0.0
-4.330127
-2.5
0.0
-4.330127
-1.767767
3.535534
-3.061862
1.767767
3.535534
-3.061862
2.5
0.0
-4.330127
1.767767
3.535534
-3.061862
5.0
0.0
-1.2246468E-15
2.5
0.0
-4.330127
1.767767
3.535534
-3.061862
3.535534
3.535534
-8.6595603E-16
5.0
0.0
-1.2246468E-15
3.061617E-16
5.0
0.0
1.767767
3.535534
3.061862
3.535534
3.535534
0.0
3.061617E-16
5.0
0.0
1.5308085E-16
5.0
2.651438E-16
1.767767
3.535534
3.061862
1.5308085E-16
5.0
2.651438E-16
-1.767767
3.535534
3.061862
1.767767
3.535534
3.061862
1.5308085E-16
5.0
2.651438E-16
-1.5308085E-16
5.0
2.651438E-16
-1.767767
3.535534
3.061862
-1.5308085E-16
5.0
2.651438E-16
-3.535534
3.535534
4.3297802E-16
-1.767767
3.535534
3.061862
-1.5308085E-16
5.0
2.651438E-16
-3.061617E-16
5.0
3.7493997E-32
-3.535534
3.535534
4.3297802E-16
-3.061617E-16
5.0
3.7493997E-32
-1.767767
3.535534
-3.061862
-3.535534
3.535534
4.3297802E-16
-3.061617E-16
5.0
3.7493997E-32
-1.5308085E-16
5.0
-2.651438E-16
-1.767767
3.535534
-3.061862
-1.5308085E-16
5.0
-2.651438E-16
1.767767
3.535534
-3.061862
-1.767767
3.535534
-3.061862
-1.5308085E-16
5.0
-2.651438E-16
1.5308085E-16
5.0
-2.651438E-16
1.767767
3.535534
-3.061862
1.5308085E-16
5.0
-2.651438E-16
3.535534
3.535534
-8.6595603E-16
1.767767
3.535534
-3.061862
1.5308085E-16
5.0
-2.651438E-16
3.061617E-16
5.0
-7.4987994E-32
3.535534
3.535534
-8.6595603E-16
-3.535534
3.535534
-0.0
1.5308085E-16
5.0
2.651438E-16
3.061617E-16
5.0
0.0
-3.535534
3.535534
-0.0
-1.767767
3.535534
-3.061862
1.5308085E-16
5.0
2.651438E-16
-1.767767
3.535534
-3.061862
-1.5308085E-16
5.0
2.651438E-16
1.5308085E-16
5.0
2.651438E-16
-1.767767
3.535534
-3.061862
1.767767
3.535534
-3.061862
-1.5308085E-16
5.0
2.651438E-16
1.767767
3.535534
-3.061862
-3.061617E-16
5.0
3.7493997E-32
-1.5308085E-16
5.0
2.651438E-16
1.767767
3.535534
-3.061862
3.535534
3.535534
-4.3297802E-16
-3.061617E-16
5.0
3.7493997E-32
3.535534
3.535534
-4.3297802E-16
-1.5308085E-16
5.0
-2.651438E-16
-3.061617E-16
5.0
3.7493997E-32
3.535534
3.535534
-4.3297802E-16
1.767767
3.535534
3.061862
-1.5308085E-16
5.0
-2.651438E-16
1.767767
3.535534
3.061862
1.5308085E-16
5.0
-2.651438E-16
-1.5308085E-16
5.0
-2.651438E-16
1.767767
3.535534
3.061862
-1.767767
3.535534
3.061862
1.5308085E-16
5.0
-2.651438E-16
-1.767767
3.535534
3.061862
3.061617E-16
5.0
-7.4987994E-32
1.5308085E-16
5.0
-2.651438E-16
-1.767767
3.535534
3.061862
-3.535534
3.535534
8.6595603E-16
3.061617E-16
5.0
-7.4987994E-32
-5.0
6.123234E-16
-0.0
-1.767767
3.535534
-3.061862
-3.535534
3.535534
-0.0
-5.0
6.123234E-16
-0.0
-2.5
6.123234E-16
-4.330127
-1.767767
3.535534
-3.061862
-2.5
6.123234E-16
-4.330127
1.767767
3.535534
-3.061862
-1.767767
3.535534
-3.061862
-2.5
6.123234E-16
-4.330127
2.5
6.123234E-16
-4.330127
1.767767
3.535534
-3.061862
2.5
6.123234E-16
-4.330127
3.535534
3.535534
-4.3297802E-16
1.767767
3.535534
-3.061862
2.5
6.123234E-16
-4.330127
5.0
6.123234E-16
-6.123234E-16
3.535534
3.535534
-4.3297802E-16
5.0
6.123234E-16
-6.123234E-16
1.767767
3.535534
3.061862
3.535534
3.535534
-4.3297802E-16
5.0
6.123234E-16
-6.123234E-16
2.5
6.123234E-16
4.330127
1.767767
3.535534
3.061862
2.5
6.123234E-16
4.330127
-1.767767
3.535534
3.061862
1.767767
3.535534
3.061862
2.5
6.123234E-16
4.330127
-2.5
6.123234E-16
4.330127
-1.767767
3.535534
3.061862
-2.5
6.123234E-16
4.330127
-3.535534
3.535534
8.6595603E-16
-1.767767
3.535534
3.061862
-2.5
6.123234E-16
4.330127
-5.0
6.123234E-16
1.2246468E-15
-3.535534
3.535534
8.6595603E-16
-3.535534
-3.535534
-0.0
-2.5
6.123234E-16
-4.330127
-5.0
6.123234E-16
-0.0
-3.535534
-3.535534
-0.0
-1.767767
-3.535534
-3.061862
-2.5
6.123234E-16
-4.330127
-1.767767
-3.535534
-3.061862
2.5
6.123234E-16
-4.330127
-2.5
6.123234E-16
-4.330127
-1.767767
-3.535534
-3.061862
1.767767
-3.535534
-3.061862
2.5
6.123234E-16
-4.330127
1.767767
-3.535534
-3.061862
5.0
6.123234E-16
-6.123234E-16
2.5
6.123234E-16
-4.330127
1.767767
-3.535534
-3.061862
3.535534
-3.535534
-4.3297802E-16
5.0
6.123234E-16
-6.123234E-16
3.535534
-3.535534
-4.3297802E-16
2.5
6.123234E-16
4.330127
5.0
6.123234E-16
-6.123234E-16
3.535534
-3.535534
-4.3297802E-16
1.767767
-3.535534
3.061862
2.5
6.123234E-16
4.330127
1.767767
-3.535534
3.061862
-2.5
6.123234E-16
4.330127
2.5
6.123234E-16
4.330127
1.767767
-3.535534
3.061862
-1.767767
-3.535534
3.061862
-2.5
6.123234E-16
4.330127
-1.767767
-3.535534
3.061862
-5.0
6.123234E-16
1.2246468E-15
-2.5
6.123234E-16
4.330127
-1.767767
-3.535534
3.061862
-3.535534
-3.535534
8.6595603E-16
-5.0
6.123234E-16
1.2246468E-15
-9.18485E-16
-5.0
-0.0
-1.767767
-3.535534
-3.061862
-3.535534
-3.535534
-0.0
-9.18485E-16
-5.0
-0.0
-4.592425E-16
-5.0
-7.954314E-16
-1.767767
-3.535534
-3.061862
-4.592425E-16
-5.0
-7.954314E-16
1.767767
-3.535534
-3.061862
-1.767767
-3.535534
-3.061862
-4.592425E-16
-5.0
-7.954314E-16
4.592425E-16
-5.0
-7.954314E-16
1.767767
-3.535534
-3.061862
4.592425E-16
-5.0
-7.954314E-16
3.535534
-3.535534
-4.3297802E-16
1.767767
-3.535534
-3.061862
4.592425E-16
-5.0
-7.954314E-16
9.18485E-16
-5.0
-1.1248198E-31
3.535534
-3.535534
-4.3297802E-16
9.18485E-16
-5.0
-1.1248198E-31
1.767767
-3.535534
3.061862
3.535534
-3.535534
-4.3297802E-16
9.18485E-16
-5.0
-1.1248198E-31
4.592425E-16
-5.0
7.954314E-16
1.767767
-3.535534
3.061862
4.592425E-16
-5.0
7.954314E-16
-1.767767
-3.535534
3.061862
1.767767
-3.535534
3.061862
4.592425E-16
-5.0
7.954314E-16
-4.592425E-16
-5.0
7.954314E-16
-1.767767
-3.535534
3.061862
-4.592425E-16
-5.0
7.954314E-16
-3.535534
-3.535534
8.6595603E-16
-1.767767
-3.535534
3.061862
-4.592425E-16
-5.0
7.954314E-16
-9.18485E-16
-5.0
2.2496397E-31
-3.535534
-3.535534
8.6595603E-16
3.535534
-3.535534
0.0
-4.592425E-16
-5.0
-7.954314E-16
-9.18485E-16
-5.0
-0.0
3.535534
-3.535534
0.0
1.767767
-3.535534
3.061862
-4.592425E-16
-5.0
-7.954314E-16
1.767767
-3.535534
3.061862
4.592425E-16
-5.0
-7.954314E-16
-4.592425E-16
-5.0
-7.954314E-16
1.767767
-3.535534
3.061862
-1.767767
-3.535534
3.061862
4.592425E-16
-5.0
-7.954314E-16
-1.767767
-3.535534
3.061862
9.18485E-16
-5.0
-1.1248198E-31
4.592425E-16
-5.0
-7.954314E-16
-1.767767
-3.535534
3.061862
-3.535534
-3.535534
4.3297802E-16
9.18485E-16
-5.0
-1.1248198E-31
-3.535534
-3.535534
4.3297802E-16
4.592425E-16
-5.0
7.954314E-16
9.18485E-16
-5.0
-1.1248198E-31
-3.535534
-3.535534
4.3297802E-16
-1.767767
-3.535534
-3.061862
4.592425E-16
-5.0
7.954314E-16
-1.767767
-3.535534
-3.061862
-4.592425E-16
-5.0
7.954314E-16
4.592425E-16
-5.0
7.954314E-16
-1.767767
-3.535534
-3.061862
1.767767
-3.535534
-3.061862
-4.592425E-16
-5.0
7.954314E-16
1.767767
-3.535534
-3.061862
-9.18485E-16
-5.0
2.2496397E-31
-4.592425E-16
-5.0
7.954314E-16
1.767767
-3.535534
-3.061862
3.535534
-3.535534
-8.6595603E-16
-9.18485E-16
-5.0
2.2496397E-31
5.0
-1.2246468E-15
0.0
1.767767
-3.535534
3.061862
3.535534
-3.535534
0.0
5.0
-1.2246468E-15
0.0
2.5
-1.2246468E-15
4.330127
1.767767
-3.535534
3.061862
2.5
-1.2246468E-15
4.330127
-1.767767
-3.535534
3.061862
1.767767
-3.535534
3.061862
2.5
-1.2246468E-15
4.330127
-2.5
-1.2246468E-15
4.330127
-1.767767
-3.535534
3.061862
-2.5
-1.2246468E-15
4.330127
-3.535534
-3.535534
4.3297802E-16
-1.767767
-3.535534
3.061862
-2.5
-1.2246468E-15
4.330127
-5.0
-1.2246468E-15
6.123234E-16
-3.535534
-3.535534
4.3297802E-16
-5.0
-1.2246468E-15
6.123234E-16
-1.767767
-3.535534
-3.061862
-3.535534
-3.535534
4.3297802E-16
-5.0
-1.2246468E-15
6.123234E-16
-2.5
-1.2246468E-15
-4.330127
-1.767767
-3.535534
-3.061862
-2.5
-1.2246468E-15
-4.330127
1.767767
-3.535534
-3.061862
-1.767767
-3.535534
-3.061862
-2.5
-1.2246468E-15
-4.330127
2.5
-1.2246468E-15
-4.330127
1.767767
-3.535534
-3.061862
2.5
-1.2246468E-15
-4.330127
3.535534
-3.535534
-8.6595603E-16
1.767767
-3.535534
-3.061862
2.5
-1.2246468E-15
-4.330127
5.0
-1.2246468E-15
-1.2246468E-15
3.535534
-3.535534
-8.6595603E-16
